Binární číslo   Dvojkový doplněk (číslo)
1000            -8
1001            -7
1010            -6
1011            -5
1100            -4
1101            -3
1110            -2
1111            -1
0000            0
0001            1
0010            2
0011            3
0100            4
0101            5
0110            6
0111            7


10.00            -2
10.01            -1.75
10.10            -1.5
10.11            -1.25
11.00            -1
11.01            -0.75
11.10            -0.5
11.11            -0.25
00.00            0
00.01            0.25
00.10            0.5
00.11            0.75
01.00            1
01.01            1.25
01.10            1.5
01.11            1.75


|        | -2   | -1.75  | -1.5  | -1.25  | -1    | -0.75  | -0.5  | -0.25  | 0     | 0.25   | 0.5   | 0.75   | 1     | 1.25   | 1.5   | 1.75   |
|--------|------|------- |-------|------- |-------|------- |-------|------- |-------|------- |-------|------- |-------|------- |-------|------- |
| -2     | 4    | 3.5    | 3     | 2.5    | 2     | 1.5    | 1     | 0.5    | 0     | -0.5   | -1    | -1.5   | -2    | -2.5   | -3    | -3.5   |
| -1.75  | 3.5  | 3.0625 | 2.625 | 2.1875 | 1.75  | 1.3125 | 0.875 | 0.4375 | 0     | -0.4375| -0.875| -1.3125| -1.75 | -2.1875| -2.625| -3.0625|
| -1.5   | 3    | 2.625  | 2.25  | 1.875  | 1.5   | 1.125  | 0.75  | 0.375  | 0     | -0.375 | -0.75 | -1.125 | -1.5  | -1.875 | -2.25 | -2.625 |
| -1.25  | 2.5  | 2.1875 | 1.875 | 1.5625 | 1.25  | 0.9375 | 0.625 | 0.3125 | 0     | -0.3125| -0.625| -0.9375| -1.25 | -1.5625| -1.875| -2.1875|
| -1     | 2    | 1.75   | 1.5   | 1.25   | 1     | 0.75   | 0.5   | 0.25   | 0     | -0.25  | -0.5  | -0.75  | -1    | -1.25  | -1.5  | -1.75  |
| -0.75  | 1.5  | 1.3125 | 1.125 | 0.9375 | 0.75  | 0.5625 | 0.375 | 0.1875 | 0     | -0.1875| -0.375| -0.5625| -0.75 | -0.9375| -1.125| -1.3125|
| -0.5   | 1    | 0.875  | 0.75  | 0.625  | 0.5   | 0.375  | 0.25  | 0.125  | 0     | -0.125 | -0.25 | -0.375 | -0.5  | -0.625 | -0.75 | -0.875 |
| -0.25  | 0.5  | 0.4375 | 0.375 | 0.3125 | 0.25  | 0.1875 | 0.125 | 0.0625 | 0     | -0.0625| -0.125| -0.1875| -0.25 | -0.3125| -0.375| -0.4375|
| 0      | 0    | 0      | 0     | 0      | 0     | 0      | 0     | 0      | 0     | 0      | 0     | 0      | 0     | 0      | 0     | 0      |
| 0.25   | -0.5 | -0.4375| -0.375| -0.3125| -0.25 | -0.1875| -0.125| -0.0625| 0     | 0.0625 | 0.125 | 0.1875 | 0.25  | 0.3125 | 0.375 | 0.4375 |
| 0.5    | -1   | -0.875 | -0.75 | -0.625 | -0.5  | -0.375 | -0.25 | -0.125 | 0     | 0.125  | 0.25  | 0.375  | 0.5   | 0.625  | 0.75  | 0.875  |
| 0.75   | -1.5 | -1.3125| -1.125| -0.9375| -0.75 | -0.5625| -0.375| -0.1875| 0     | 0.1875 | 0.375 | 0.5625 | 0.75  | 0.9375 | 1.125 | 1.3125 |
| 1      | -2   | -1.75  | -1.5  | -1.25  | -1    | -0.75  | -0.5  | -0.25  | 0     | 0.25   | 0.5   | 0.75   | 1     | 1.25   | 1.5   | 1.75   |
| 1.25   | -2.5 | -2.1875| -1.875| -1.5625| -1.25 | -0.9375| -0.625| -0.3125| 0     | 0.3125 | 0.625 | 0.9375 | 1.25  | 1.5625 | 1.875 | 2.1875 |
| 1.5    | -3   | -2.625 | -2.25 | -1.875 | -1.5  | -1.125 | -0.75 | -0.375 | 0     | 0.375  | 0.75  | 1.125  | 1.5   | 1.875  | 2.25  | 2.625  |
| 1.75   | -3.5 | -3.0625| -2.625| -2.1875| -1.75 | -1.3125| -0.875| -0.4375| 0     | 0.4375 | 0.875 | 1.3125 | 1.75  | 2.1875 | 2.625 | 3.0625 |

